誓,7,5,2,3
迭,4,3,2,3
意,5,3,4,2
祺,5,3,3,2
厮,6,5,1,4
锚,7,6,0,2
红,4,1,0,3
罹,6,7,2,2
慌,4,7,2,2
茹,4,4,1,2
拷,5,4,2,2
楼,3,2,4,5
叉,1,0,2,1
猎,5,5,1,2
腺,7,5,3,4
兽,6,5,1,1
靠,10,5,0,1
完,4,2,1,3
发,2,1,2,3
真,6,3,1,1
树,3,2,4,2
畸,7,7,2,1
宿,5,3,1,4
陽,6,6,3,4
嫩,5,3,3,5
适,6,4,1,2
慈,5,1,5,6
態,4,7,5,6
初,2,3,3,3
劳,3,6,1,1
上,2,1,0,0
珊,6,5,2,2
寸,1,1,2,0
骗,7,9,3,1
威,3,2,2,4
麵,7,8,4,6
木,1,1,1,1
纳,3,2,2,4
鲜,8,4,1,3
蜜,4,4,5,4
泵,4,3,2,3
掩,6,5,2,2
隅,6,6,3,2
挚,5,4,3,3
粥,7,7,4,2
孕,4,3,1,3
谢,6,4,4,3
晓,7,7,0,2
宸,4,3,2,6
垠,5,3,1,2
凤,3,2,1,2
焖,1,4,6,3
娆,5,5,1,4
撕,6,5,2,4
梧,6,5,1,1
冈,1,2,2,1
代,1,2,2,1
凳,7,4,3,5
雏,8,3,1,3
屿,4,5,1,0
崋,5,6,0,0
略,6,5,1,2
幻,3,1,2,2
认,1,2,2,2
嗨,6,4,5,2
籣,11,9,4,4
滙,6,3,3,2
益,3,4,2,2
熔,3,3,5,6
劵,3,3,3,3
枼,4,4,1,1
浆,2,2,4,5
拿,6,4,2,2
纸,4,2,1,6
龙,2,3,1,2
厉,3,3,1,2
桩,4,3,2,2
焚,2,3,4,4
许,3,2,1,2
众,0,3,3,3
低,2,3,2,4
營,5,9,4,5
藻,8,9,3,2
芸,4,2,1,1
赤,2,3,2,2
轰,5,1,2,3
瓯,4,3,2,2
農,6,7,1,4
嘉,8,7,2,2
洼,4,2,2,1
贵,4,6,1,1
叹,3,2,1,1
刘,1,2,3,1
腰,7,6,2,3
治,3,2,3,2
刑,2,4,1,1
墩,8,4,3,3
硕,5,5,1,3
针,4,2,0,2
狗,3,4,2,3
反,1,1,1,3
運,8,6,1,1
讯,3,3,2,1
陪,5,3,4,2
榈,6,7,3,1
犹,2,3,2,3
卒,2,3,3,2
穴,1,0,2,3
鍋,8,8,3,2
阀,2,4,4,2
应,2,1,3,2
围,5,4,1,0
汇,2,1,2,1
饱,5,4,1,4
纫,3,3,1,5
义,0,0,2,1
開,8,6,1,1
秉,4,2,1,2
都,6,4,2,2
謀,9,5,2,1
豆,4,2,1,1
何,3,4,1,1
翳,9,6,6,6
找,2,2,3,2
栓,4,3,2,2
岚,3,5,1,2
埸,6,6,1,3
逢,6,2,2,3
處,6,5,1,6
丈,1,1,1,1
仃,1,2,1,1
傻,4,6,2,6
司,4,3,1,0
闷,1,3,4,1
空,3,1,2,3
抚,4,3,1,2
裂,3,3,4,5
秒,1,3,3,4
明,6,4,1,1
粗,5,3,2,2
繹,8,7,3,4
显,4,4,1,1
雨,2,3,3,2
倍,4,3,2,2
光,2,3,1,2
戒,2,3,2,2
田,3,3,0,0
论,2,4,2,3
篇,6,8,3,3
撷,7,7,2,3
靜,10,5,4,3
羯,8,6,3,3
矩,6,3,1,2
裱,4,3,3,5
示,2,1,2,1
货,2,7,1,3
淼,3,3,6,6
灵,3,2,2,2
圓,8,6,1,1
钓,4,2,2,3
址,4,3,0,0
骂,7,7,1,0
腔,6,3,3,4
魂,8,2,2,4
即,4,4,2,1
門,6,4,1,0
轻,6,2,1,2
皮,2,2,1,3
沛,2,3,4,1
葆,4,6,1,2
茜,4,6,0,1
郊,2,1,5,3
讲,3,3,1,2
浸,5,3,3,2
丘,2,2,0,1
封,5,3,2,0
夺,2,2,3,1
簧,7,7,2,3
珍,3,2,1,4
战,4,4,2,1
泌,0,1,5,3
澋,6,5,5,2
腚,6,3,3,4
駿,6,3,7,5
邑,5,6,0,0
眯,5,3,2,2
习,1,1,2,1
望,8,4,2,1
抱,5,4,2,2
诗,4,3,3,1
膠,5,5,6,7
朴,1,2,2,1
画,5,5,0,0
逐,3,2,3,5
琐,4,5,2,2
回,4,4,0,0
閣,9,6,2,2
言,5,2,1,0
荟,4,3,2,2
豌,8,4,4,5
碟,7,6,1,2
腋,5,3,4,4
佰,4,3,0,2
媲,5,5,2,6
廉,5,4,4,4
尘,2,2,2,1
去,3,1,1,1
纵,2,2,2,5
纺,4,2,2,4
蚌,6,4,1,0
歷,5,5,2,5
凛,7,5,4,2
海,4,2,5,2
蓄,7,5,2,2
除,3,3,5,3
镗,8,7,1,3
產,5,2,2,3
緩,6,1,5,7
须,2,3,1,5
癜,8,7,4,5
熏,6,3,4,2
逅,5,4,1,3
殷,7,5,2,4
药,4,3,2,4
株,3,2,2,3
伪,1,3,3,2
模,6,6,2,2
契,5,4,2,2
辖,9,4,1,3
屯,2,5,0,1
爱,4,2,3,4
絨,4,2,4,5
惜,5,5,1,1
机,3,3,1,2
炒,0,3,4,4
蜗,6,7,3,1
懋,4,4,5,6
返,3,2,2,4
雷,5,6,5,0
礼,2,3,2,1
兼,4,3,3,3
狮,2,6,2,3
珠,5,2,1,2
伞,1,2,2,2
邹,5,2,2,3
贪,2,4,3,3
鸟,3,3,3,1
延,5,3,1,3
绥,4,0,3,7
栈,3,2,2,2
拟,1,3,3,3
鷗,13,10,4,2
核,3,3,3,4
假,7,4,1,2
腕,7,4,4,5
洪,2,2,3,2
矗,18,9,0,0
还,3,2,2,2
脸,5,3,4,3
缴,8,4,3,7
京,3,3,3,1
喀,6,4,2,4
贴,4,6,1,1
曾,5,5,2,2
旋,6,3,3,4
樣,6,3,5,4
溝,6,5,3,2
創,5,7,3,2
轴,6,4,0,1
腻,7,6,4,2
杭,4,3,2,2
晚,7,6,0,3
锺,10,4,0,3
做,4,4,1,3
驿,6,4,2,1
伶,1,2,3,3
助,5,4,1,1
檀,10,7,2,1
厰,5,6,3,4
训,1,4,1,2
并,2,2,1,2
杆,3,2,1,1
灯,1,2,3,2
铅,7,5,0,3
茸,4,4,0,1
舌,4,3,0,1
谨,8,6,1,1
俗,2,3,2,3
願,9,6,3,5
小,0,1,2,1
陌,5,3,2,2
税,4,5,2,4
纯,5,3,0,3
连,5,2,1,2
择,4,2,2,2
蚝,6,4,1,1
碼,7,5,4,2
豐,11,7,1,1
沥,2,3,3,3
邀,8,5,4,5
将,2,2,4,3
头,1,1,3,1
肤,5,3,2,2
铨,6,3,1,3
阜,5,4,0,1
分,1,2,2,2
宏,3,0,2,4
全,3,2,1,1
坤,5,4,0,0
劉,4,6,5,5
崔,5,5,1,1
荡,3,3,3,4
米,1,1,2,2
巅,9,9,2,3
强,8,8,2,0
盧,8,10,0,3
茅,3,3,1,3
龟,5,4,0,2
否,3,3,1,1
喽,4,3,3,4
耕,5,3,1,2
莅,3,3,2,2
申,3,3,0,0
陇,3,3,3,3
礴,9,8,6,2
充,3,2,1,2
精,7,4,3,3
暉,9,7,0,0
公,1,0,2,2
考,4,3,1,1
酵,8,6,1,3
避,9,6,3,3
髓,14,9,3,6
道,7,3,2,3
鰲,9,6,5,6
移,3,1,3,6
活,4,3,2,2
報,6,4,3,2
犯,2,3,2,2
黄,5,5,1,1
失,2,2,1,2
汾,1,2,4,3
扇,4,4,5,3
党,4,7,1,2
計,6,3,1,0
析,2,3,1,3
順,5,5,1,3
镶,11,8,2,6
吹,3,3,1,3
奈,3,2,3,2
馒,7,7,1,4
裡,6,4,2,2
答,5,5,2,3
收,1,2,1,3
称,2,2,3,5
坎,3,2,1,3
愿,4,5,4,4
燕,6,7,3,3
叶,3,3,0,0
葫,7,7,1,1
舶,5,4,3,3
俏,3,4,2,3
癸,3,1,3,4
虚,4,5,1,4
祐,4,3,2,2
淅,2,3,3,4
貌,4,5,2,7
仅,1,1,1,2
購,10,7,2,2
惟,4,3,2,2
呈,5,3,0,0
肖,3,3,2,2
紡,4,3,4,4
欢,2,1,2,4
短,6,3,2,3
钙,6,4,1,2
病,3,3,4,2
持,4,3,3,1
划,1,3,3,1
崂,4,9,1,1
闵,2,2,4,1
贡,3,4,1,1
矢,2,1,1,2
樾,5,5,3,4
脖,7,6,2,2
辟,7,5,2,2
解,7,6,2,5
朕,5,3,3,3
赵,3,2,2,2
控,4,2,3,4
軒,7,4,0,0
拱,3,3,2,2
影,6,5,3,4
剿,4,5,5,4
项,4,4,1,2
荐,4,4,1,2
华,2,5,0,2
濱,6,3,4,6
帅,1,5,1,1
八,0,0,1,1
魔,8,5,4,6
峭,4,6,2,2
为,1,2,3,1
靛,9,4,3,4
车,3,1,0,1
与,3,2,1,0
硒,6,6,0,2
虬,4,5,1,0
绸,7,5,1,4
孔,3,3,1,1
蜘,7,6,2,2
账,2,4,2,3
约,3,1,2,4
荤,5,5,0,1
甸,4,4,1,1
在,3,2,0,1
柏,4,3,1,2
昕,4,4,0,2
频,4,6,1,4
製,4,6,4,4
野,7,4,2,2
彌,5,6,7,5
徐,2,3,3,4
麒,9,8,2,4
視,6,5,2,2
熱,6,6,4,3
唐,6,5,1,1
占,3,3,0,0
徳,3,7,2,3
懒,5,7,3,5
束,3,3,1,1
跳,5,6,2,3
拐,4,5,2,2
害,6,3,1,2
起,6,4,1,1
玄,3,0,2,2
侗,4,5,1,1
忧,2,3,2,2
渣,5,3,3,2
切,3,4,1,1
遨,7,4,3,4
舱,4,5,5,3
梭,3,1,4,5
陆,4,4,2,1
湃,7,1,2,3
稼,3,2,4,8
然,2,1,6,5
阅,4,6,3,2
缕,4,1,3,7
薬,5,5,3,4
烛,3,4,3,2
隨,9,5,4,4
黑,4,3,4,2
泸,3,3,2,2
随,7,4,4,4
茵,4,5,1,1
蚕,5,4,2,1
菁,7,5,1,1
簘,6,7,3,5
尝,4,3,2,2
脂,7,6,1,2
配,7,6,0,1
涂,2,2,5,3
绝,6,4,0,5
沁,0,1,4,2
截,6,4,3,2
吊,3,5,1,0
瓷,3,3,3,5
五,3,2,0,0
欲,3,3,3,5
颍,4,6,3,5
征,3,3,0,2
扎,2,3,1,1
炖,3,4,2,2
闽,4,5,3,0
建,8,2,1,2
鹰,8,7,5,4
庙,4,4,1,1
顶,3,4,2,2
口,2,2,0,0
科,2,2,3,2
肽,4,3,3,2
裝,5,5,2,4
博,6,5,4,0
穗,5,5,4,3
味,4,3,1,1
蘭,10,9,3,2
沏,3,4,3,2
您,1,3,4,5
冻,2,1,2,3
縁,5,3,5,7
酷,8,7,0,2
眀,7,4,1,1
氧,6,2,2,2
首,5,2,1,2
姆,4,2,4,2
澄,5,2,5,5
开,2,2,0,1
沙,0,2,4,3
兢,8,10,0,2
策,4,5,3,3
样,4,2,2,2
钨,6,4,2,3
方,2,2,2,1
尬,2,5,1,3
棉,5,6,2,2
禽,4,5,5,3
億,5,4,4,3
溪,4,1,6,6
铠,7,6,0,2
左,3,1,0,1
借,5,5,0,1
塱,8,5,3,2
兴,1,0,3,2
教,5,2,2,4
莘,4,3,2,1
宣,6,2,1,2
铁,5,3,1,4
呷,5,5,0,0
锈,6,4,1,6
鎮,9,4,3,3
庸,7,5,2,2
覺,10,8,2,5
奖,2,2,3,4
撈,3,7,6,6
鸣,5,5,3,1
到,4,3,2,1
波,2,2,3,4
菌,4,5,1,2
原,4,4,2,3
渡,4,3,4,3
未,2,1,1,1
帮,5,5,3,1
缪,4,3,5,9
检,3,2,4,3
偉,6,6,0,2
蚬,5,7,1,1
僧,5,6,2,3
偶,5,6,1,2
险,3,2,5,3
而,2,5,1,1
耳,3,2,0,1
氽,1,2,3,3
锌,6,2,2,3
艰,4,2,2,3
父,0,0,2,2
滞,3,8,3,2
忙,2,2,2,1
纬,5,2,1,3
斋,3,4,3,2
衬,2,2,4,2
觅,3,4,2,3
彰,6,3,2,4
渔,5,3,2,3
屎,3,3,2,3
皇,6,3,0,1
曲,3,4,0,0
飮,7,3,2,4
作,3,2,0,2
慎,6,4,2,2
飛,2,3,2,4
浙,2,3,3,4
廓,7,5,5,3
覚,6,6,2,2
華,5,5,0,0
陕,3,2,4,3
蘇,6,6,4,5
骄,4,7,2,3
豚,4,3,3,5
盐,4,6,1,0
臺,9,6,1,1
割,6,5,2,2
峰,5,4,1,2
弯,4,5,4,2
垒,5,1,3,3
标,3,2,3,2
徒,3,3,1,3
下,1,1,1,0
曦,9,6,3,3
拌,3,2,2,2
萄,5,6,1,2
史,2,3,1,1
西,4,4,0,1
学,3,3,3,2
雍,7,2,2,4
泳,2,1,5,3
妈,4,3,2,2
頁,5,2,1,2
桶,5,4,3,2
养,3,3,2,3
题,7,6,2,3
锐,6,5,1,4
怕,3,3,1,2
惕,4,6,2,4
销,6,4,2,4
嫣,6,4,5,3
璀,8,6,1,1
碳,5,6,2,4
擦,6,2,6,8
产,2,1,2,2
荊,3,6,1,1
骊,6,7,5,0
筑,6,5,2,3
膨,8,5,2,5
兜,6,6,0,4
池,1,4,3,2
油,3,3,2,1
亩,4,3,1,0
垂,4,4,0,1
馈,5,7,1,4
们,1,3,2,1
癫,9,7,4,4
臊,10,9,2,2
必,0,2,2,2
秦,4,2,2,3
郎,4,3,4,2
尿,3,3,2,3
谛,4,6,4,2
旁,4,4,4,2
歇,6,6,3,5
员,3,5,1,1
冀,7,8,1,3
近,3,3,1,3
廠,5,6,4,4
啸,5,5,1,1
戴,7,7,3,2
李,3,2,2,2
绚,6,3,1,4
掬,3,3,4,4
藩,6,6,4,3
总,2,3,3,2
救,2,1,4,5
汀,1,1,3,1
蜒,8,6,2,3
播,6,5,3,3
片,2,3,0,1
淇,4,2,3,2
祖,5,3,2,1
触,7,6,2,3
暑,8,5,0,1
衡,7,6,2,5
珺,8,5,0,1
次,1,1,2,4
什,1,2,0,1
侬,1,4,1,4
清,6,3,3,2
菱,4,3,2,3
干,2,1,0,0
食,3,3,3,3
织,4,2,1,4
玛,6,4,1,0
佛,3,6,1,2
纠,2,2,0,4
匠,3,3,0,2
尕,2,3,2,3
閤,9,7,2,1
涌,4,3,4,2
箂,3,5,4,5
鹿,5,6,1,3
胖,5,3,2,2
替,7,4,2,2
蝶,7,7,2,1
仟,2,2,0,2
业,1,2,1,1
畫,9,5,0,0
爆,5,6,6,5
疙,4,2,2,3
鹅,4,5,6,4
包,4,3,1,1
受,3,2,3,3
音,5,2,2,1
邯,4,3,2,1
撞,8,4,3,2
阵,4,2,2,2
輕,8,4,3,3
云,3,0,1,1
绕,6,5,0,5
例,2,3,2,3
索,4,4,3,3
绪,7,3,0,4
玮,6,3,1,0
铺,7,4,2,2
需,4,7,6,1
媒,5,3,2,3
按,3,1,3,5
革,5,5,0,0
告,4,3,0,1
喬,6,8,2,2
裘,2,2,5,6
訪,7,4,3,1
軸,8,6,0,0
忠,2,4,2,1
領,6,3,4,4
泓,4,3,4,2
詳,8,3,2,1
觳,11,8,2,5
逊,4,3,4,3
费,4,8,2,2
種,8,4,1,3
壽,9,5,2,1
氏,2,2,1,3
妥,2,0,3,4
拖,3,5,2,3
璎,6,7,3,4
昌,6,4,0,0
胶,4,2,4,3
臭,5,3,2,2
嫁,3,1,4,8
老,3,3,0,2
犬,1,1,2,1
暮,8,7,1,1
哺,6,5,2,0
澈,6,2,5,5
诱,4,4,2,5
础,5,7,0,1
促,3,4,1,2
扔,3,3,1,3
汗,2,1,2,1
诈,4,2,1,2
卡,2,2,1,0
豹,1,2,4,6
晖,7,5,0,1
葛,6,7,2,2
绅,5,3,0,3
皓,7,5,0,2
峪,3,5,2,2
态,1,2,4,2
定,3,1,2,3
改,4,2,1,2
崛,5,10,0,1
冉,3,3,1,0
报,3,3,3,2
仰,1,4,1,3
慕,5,6,3,2
绞,3,0,3,5
廳,10,11,3,4
栗,4,5,1,1
湾,4,5,6,3
页,2,3,1,2
阔,5,5,4,2
倾,3,6,1,4
丝,1,0,2,6
住,3,2,1,1
丰,3,1,0,0
耗,6,2,1,2
哨,5,5,2,2
浑,4,3,2,2
睿,7,6,3,2
碗,7,4,3,5
审,4,3,1,2
绿,5,2,3,5
企,2,3,1,1
遠,6,5,2,4
刹,1,3,4,2
凉,3,3,4,2
肝,5,3,1,1
超,6,6,2,2
式,3,2,2,0
昂,4,5,1,2
洲,0,3,4,3
液,2,1,5,4
澳,3,5,6,5
绮,6,4,2,4
督,7,4,3,2
罩,7,8,0,0
梵,4,4,3,3
铜,7,5,1,2
厌,2,2,2,2
學,7,5,3,5
肆,10,3,1,1
戏,2,1,3,2
志,2,2,2,1
富,7,5,1,2
悔,4,3,4,2
同,4,4,1,0
茗,4,4,1,2
累,5,4,3,3
额,6,5,3,6
休,1,2,1,2
緹,7,4,3,4
芝,3,2,2,1
嗜,8,7,0,2
也,1,4,1,1
佳,4,3,0,1
欧,3,2,2,4
溧,4,5,3,2
数,3,1,4,6
迦,5,5,2,2
艮,3,2,1,2
枪,3,4,3,2
杖,2,2,2,2
型,4,5,1,1
严,2,3,1,2
昇,4,5,0,2
婴,3,6,3,4
赖,5,6,2,4
确,7,5,1,4
韵,6,3,4,3
坦,6,3,0,0
背,5,5,1,3
昨,6,3,0,1
搬,6,5,5,5
取,4,2,1,2
筷,4,5,3,4
己,3,2,0,0
莲,6,4,1,2
葚,7,7,0,1
紅,4,2,2,3
具,5,2,1,1
甲,3,3,0,0
膳,9,5,3,3
权,2,1,2,2
孤,3,4,3,4
桥,2,5,2,4
泉,4,3,2,3
古,3,3,0,0
磐,8,6,4,5
鞋,9,7,0,0
圃,6,5,2,0
鉑,6,3,2,3
鹫,8,8,7,3
手,3,1,1,1
放,3,2,3,3
康,4,3,4,3
瀑,5,5,6,4
螺,8,7,4,3
嘟,8,6,2,2
元,3,2,0,1
譜,10,6,3,2
网,1,2,3,2
疲,3,3,3,4
雁,5,4,1,3
霜,7,6,6,1
衙,7,6,1,2
塑,7,6,2,2
旯,5,4,0,1
鴐,8,7,5,3
帆,3,5,2,1
币,1,4,1,1
吞,4,3,1,1
研,5,4,0,2
灭,1,1,2,2
从,0,2,2,2
琦,7,5,2,1
霄,5,6,7,2
甩,4,4,1,0
尧,4,5,0,2
晌,6,7,1,1
饮,2,2,1,6
兵,2,2,1,2
函,2,3,3,3
姚,2,2,3,5
冒,7,4,1,0
唤,5,5,2,3
敢,5,2,1,4
赌,6,6,1,2
较,4,1,3,3
润,4,3,4,1
底,3,3,3,4
翅,4,3,5,3
埔,6,4,2,0
炸,3,2,2,3
勁,4,3,4,4
焊,5,4,2,2
蓬,7,4,2,3
勘,7,7,1,2
芽,3,4,1,1
册,3,4,2,2
嬉,8,5,2,3
動,8,5,1,2
港,5,4,3,2
桨,2,2,3,4
罐,12,11,1,2
耀,8,7,6,5
庐,3,3,2,2
蓟,6,7,1,2
儲,10,6,1,2
莼,6,5,0,3
友,2,0,1,2
荫,5,5,3,2
瑰,8,3,1,3
溶,3,2,5,5
弘,4,3,2,1
涮,3,7,4,2
足,3,3,1,1
芊,3,3,0,1
盆,3,6,2,2
我,1,2,3,3
粉,2,3,4,4
蕉,5,4,4,2
璜,8,6,1,1
净,4,2,2,3
享,5,3,2,1
輪,8,8,2,1
榄,4,7,2,3
玉,3,1,1,0
軟,6,4,1,3
復,5,3,1,5
横,6,6,2,2
斯,5,4,1,3
稻,6,3,3,5
练,4,2,0,3
释,5,2,3,3
诀,3,3,2,2
寒,4,2,4,4
朽,3,3,2,1
羿,3,4,4,3
级,4,1,1,6
之,1,0,2,2
車,5,3,0,0
偭,5,6,0,2
蕭,9,10,0,1
钜,7,3,0,2
棱,4,2,3,4
蚊,4,3,3,1
金,3,2,2,2
粱,2,4,6,5
聚,4,3,2,6
群,8,5,1,2
當,6,8,1,1
副,6,7,1,0
斤,1,2,0,2
幺,0,0,2,3
途,4,3,4,3
钰,6,2,1,2
兒,5,4,0,2
茂,2,4,1,2
嶺,7,6,4,4
竿,4,3,1,2
赐,5,8,2,4
举,3,1,3,2
系,2,2,3,4
軍,6,5,0,0
氡,4,1,4,3
架,4,5,2,2
婚,6,4,2,5
饺,2,1,3,5
寰,6,7,2,5
终,3,0,3,5
幸,4,2,1,1
柄,3,3,3,2
玻,5,3,1,3
牵,4,4,1,2
不,1,1,1,1
现,5,5,0,1
釉,5,4,2,2
湯,5,5,3,4
斗,1,1,2,0
酝,7,4,1,2
济,1,2,4,3
傷,6,6,1,5
跨,8,7,2,1
妹,3,1,2,3
诉,2,3,2,3
橙,6,3,4,5
可,3,3,1,0
梅,5,3,4,2
能,4,6,3,5
钎,5,2,0,3
禅,5,4,3,2
折,2,3,1,3
迠,5,4,1,1
焦,4,2,4,2
辱,4,4,3,4
揭,6,6,3,3
浣,4,2,3,4
烯,2,4,4,4
夹,2,1,2,2
塔,6,6,1,1
裁,3,3,4,4
哆,4,2,2,4
字,3,1,2,3
军,4,3,0,1
瞿,12,6,1,1
啼,5,7,3,1
鸥,5,4,4,2
築,7,6,3,4
傳,5,5,3,1
舘,9,7,2,4
瑞,6,8,1,1
范,3,4,3,1
沧,2,3,4,2
声,4,4,0,1
噪,9,9,1,1
情,6,4,2,2
秘,1,2,4,4
漠,5,5,3,2
青,6,3,1,1
负,2,3,1,3
浓,1,3,3,4
蔽,3,5,4,4
桑,4,1,4,4
董,8,5,0,1
俩,2,3,2,3
聆,4,3,3,3
焰,5,4,3,4
疚,2,1,3,3
邺,2,3,3,2
菇,5,5,1,2
各,3,2,1,2
碑,7,6,0,3
鳥,5,3,4,2
枇,3,3,1,3
吳,4,5,1,1
维,6,2,1,4
萌,7,6,1,1
眸,7,3,1,2
校,2,1,4,3
栅,4,5,3,3
牌,6,7,0,3
继,4,2,2,5
昔,5,4,0,0
衞,8,9,2,2
草,5,5,0,0
罕,4,5,0,1
聊,4,6,1,3
闹,3,5,4,0
氩,5,3,2,2
環,8,8,1,3
鎖,7,4,5,4
入,0,0,1,1
钻,6,4,0,2
颐,6,8,1,2
你,1,2,2,4
麺,9,6,1,3
肚,5,3,1,1
募,6,7,2,2
鴻,7,4,6,3
匾,6,7,2,1
力,1,2,1,1
类,2,2,3,3
梦,3,2,3,4
驴,5,5,2,1
白,3,2,0,1
酸,6,4,3,5
瘩,5,6,3,2
喝,7,7,2,2
蜻,9,6,2,1
鸽,6,6,4,2
觀,14,12,1,2
夸,4,3,2,1
葉,5,6,1,1
阳,4,3,2,1
射,5,3,3,2
造,6,4,1,2
陳,5,4,3,2
性,3,2,1,2
缸,5,4,0,1
瀘,8,10,2,4
炳,2,3,4,3
玖,4,1,1,2
姑,4,3,1,2
罄,10,9,1,4
引,3,4,1,0
敦,6,3,3,3
立,2,0,2,1
攀,6,4,6,6
皙,5,5,1,4
赠,6,8,3,3
碱,7,6,1,3
据,6,6,1,2
间,4,4,2,0
秩,3,3,2,4
萃,3,5,3,2
多,2,0,2,4
年,3,2,0,1
盈,5,6,1,3
芬,2,4,2,2
橘,6,6,4,5
韶,8,6,3,2
驭,4,3,2,1
歳,4,5,3,3
芷,3,4,0,0
筹,6,4,3,2
裕,3,3,4,4
乐,2,2,2,2
斑,7,2,2,1
圜,7,9,1,3
托,3,4,1,2
盾,5,4,0,2
钧,4,2,2,4
问,3,4,2,0
魚,4,3,3,3
涧,4,4,4,1
圗,8,7,1,1
鼓,7,4,2,2
珲,7,4,0,1
渎,3,2,5,3
廖,3,4,6,7
菜,3,3,3,3
萦,4,5,3,3
裹,5,4,3,4
牦,5,2,0,2
喫,7,6,2,2
煌,6,4,2,3
娲,4,4,3,3
芦,3,4,1,1
尖,1,2,3,2
贯,4,6,1,1
照,6,6,4,2
赔,5,5,3,2
站,5,3,2,1
慶,5,5,4,5
件,2,2,0,2
亚,2,2,1,1
汛,2,2,3,1
吟,3,3,2,2
酪,7,6,1,3
荞,2,6,1,3
憨,5,3,3,5
卉,2,3,0,1
肿,5,5,1,1
顷,3,5,1,3
會,6,6,2,2
卓,5,4,0,0
更,4,2,1,1
零,3,4,8,2
鄂,8,7,3,1
琪,7,3,1,1
倦,4,4,3,3
萂,4,5,1,2
彻,3,5,1,3
靖,8,3,3,2
跌,6,6,1,2
潼,7,3,4,2
阑,4,5,4,2
扩,2,2,2,2
径,3,2,1,3
皆,5,4,0,3
着,7,3,1,1
患,4,6,2,1
慰,5,5,6,3
优,2,3,1,2
雄,6,2,2,3
映,5,5,1,1
伦,1,4,1,3
淋,2,2,4,3
里,5,3,0,0
罗,3,4,1,2
雪,5,4,5,0
台,3,2,1,1
廈,7,3,2,4
媛,5,0,4,6
措,6,5,1,1
厨,6,4,3,2
括,5,4,1,2
付,1,2,2,1
誉,6,2,4,2
亲,3,1,4,2
羔,3,1,4,2
砚,5,6,0,2
崖,6,6,0,1
黎,2,5,6,7
眷,6,3,2,2
瓢,6,8,4,4
恰,3,4,2,2
郸,5,4,3,2
电,4,4,0,0
艺,3,3,0,1
没,3,2,3,3
升,1,3,0,2
月,3,2,1,1
戈,1,2,2,1
杨,3,2,2,4
舍,4,4,1,2
盎,4,7,1,1
测,1,5,4,2
场,4,2,1,3
呱,3,5,2,3
辈,9,3,0,1
佣,3,4,1,1
密,2,4,4,4
腾,8,6,4,3
擀,8,7,2,2
魏,7,3,3,7
松,2,1,3,3
赂,4,5,2,3
坛,5,1,1,1
釜,3,1,3,3
矫,3,5,2,5
锁,4,5,2,4
連,7,4,1,1
蒙,4,5,2,4
沟,2,1,4,3
娃,5,2,1,2
來,1,3,3,3
夀,9,6,3,0
驶,5,6,2,1
棚,7,5,3,3
師,6,6,1,1
递,5,6,3,3
聲,10,8,1,4
嵩,7,9,2,0
濠,5,5,5,5
親,8,5,4,3
轨,5,3,0,2
扪,2,3,3,1
鄭,6,6,4,4
夕,1,0,1,2
錢,5,3,6,4
哗,4,7,0,2
聨,8,4,2,6
靶,8,9,0,0
省,4,4,2,2
眺,5,4,2,3
芳,3,4,2,1
盟,8,8,1,1
淀,3,1,4,4
泾,3,1,3,2
吏,3,3,1,1
右,3,2,0,1
难,5,2,2,2
廂,6,4,2,2
文,1,0,2,1
肢,5,3,2,2
攻,3,1,1,2
稽,7,7,2,4
梯,4,6,3,3
程,6,4,1,2
塘,8,6,1,1
典,3,4,1,1
就,5,5,4,2
奢,6,4,1,2
九,2,2,0,1
骨,6,5,1,3
竞,5,4,2,2
詩,8,4,3,0
熟,6,5,6,3
租,5,3,1,2
哦,3,4,3,3
效,2,0,4,4
兮,2,2,2,1
证,4,3,1,1
是,5,3,1,1
襲,13,7,5,5
沐,1,1,3,2
缤,5,2,2,7
她,2,4,2,3
巡,2,1,4,4
羞,6,3,1,1
霓,7,7,5,2
帽,8,7,2,0
樂,8,3,3,6
团,3,3,1,1
扣,3,3,1,1
妍,3,2,1,3
层,5,2,1,2
澐,5,3,8,2
稚,5,3,2,3
晨,6,5,1,4
喊,6,6,1,2
附,2,3,4,2
果,4,3,1,1
合,3,3,1,1
髪,7,1,2,6
章,6,3,2,1
晰,5,5,1,3
棕,4,2,4,4
牧,3,1,1,3
妲,5,2,1,2
独,3,4,2,2
两,2,4,3,2
过,3,2,3,1
淑,3,2,5,3
陀,3,3,3,4
祭,4,1,4,5
成,2,3,2,2
崇,4,4,3,3
细,5,3,0,3
愧,5,3,2,4
虎,5,5,0,4
陡,4,3,3,2
商,4,4,4,2
匹,3,3,0,1
枕,3,3,1,4
郑,3,2,4,3
任,2,3,0,2
辐,9,6,0,1
免,4,4,0,3
壘,11,10,0,0
锣,6,5,1,4
渴,5,5,4,3
驲,6,5,1,0
污,3,2,3,1
祸,4,5,4,2
朔,5,5,2,2
县,5,2,1,1
聪,5,5,3,3
哑,4,4,1,1
绗,4,2,1,5
歌,7,7,3,3
议,1,1,3,2
奉,5,2,1,1
筆,7,4,1,2
際,5,2,6,6
委,2,1,2,4
肩,5,4,2,2
轿,4,5,1,4
村,2,2,3,1
鑫,9,3,6,6
蛋,6,4,2,2
掏,5,5,2,3
似,0,3,2,3
菧,4,5,3,4
袖,4,4,2,2
瑷,7,3,3,4
诤,5,3,2,3
腊,8,6,1,1
矿,4,3,1,2
戎,2,1,2,2
肠,5,3,2,4
品,6,6,0,0
禹,4,5,1,2
煕,7,7,3,1
伽,3,5,1,2
毯,3,3,4,5
鞍,7,5,2,4
钊,3,3,1,2
脆,7,5,2,4
号,4,4,1,0
奎,5,3,1,1
烘,2,3,3,3
跶,7,6,2,2
夌,3,1,2,3
旨,4,4,0,1
沂,1,2,2,3
芋,3,3,1,0
量,9,5,0,0
垃,4,1,2,1
讨,2,2,3,1
禺,5,5,1,1
壳,5,5,0,1
林,2,2,2,2
枢,3,2,2,2
念,1,2,4,3
残,4,1,2,3
彩,2,1,3,6
施,4,6,3,3
二,2,0,0,0
弟,3,5,2,2
献,5,5,4,2
怠,3,3,3,2
前,4,4,3,2
日,3,2,0,0
屡,4,3,3,5
醉,6,7,3,3
恪,3,3,2,3
纱,2,2,2,5
痧,1,3,6,4
萝,4,6,1,2
城,4,4,2,2
辅,7,4,2,1
荆,3,6,1,1
眠,7,4,1,2
枯,4,4,1,1
暖,7,2,3,4
團,7,6,3,0
请,7,4,2,2
些,5,4,0,1
保,3,4,1,2
恤,2,6,1,2
钛,4,2,2,3
稳,5,3,3,5
看,7,2,0,2
泽,3,1,3,2
梨,2,4,3,3
胆,7,4,1,1
经,5,1,1,4
蒿,7,8,2,0
飞,1,1,2,1
筋,6,6,3,4
笃,5,5,2,2
咏,4,3,3,2
亞,6,6,0,0
務,4,3,3,6
勋,4,7,2,2
侵,5,4,1,2
旧,3,3,0,0
园,5,4,0,1
粒,3,1,4,3
織,7,4,6,5
隍,7,4,2,2
鼠,8,5,1,3
壶,4,5,1,1
茄,4,6,1,1
吋,3,3,2,0
编,6,6,2,4
齐,1,2,2,2
隔,7,8,3,2
桂,5,3,1,1
门,1,2,2,0
硬,7,5,1,2
冰,1,1,3,3
德,4,7,2,3
鹧,6,6,7,3
器,9,9,2,1
逃,3,3,3,4
办,1,2,2,2
恒,5,3,1,1
室,5,1,2,3
咸,4,4,1,2
镜,9,5,2,4
聫,8,3,3,6
钵,5,2,1,3
節,6,6,3,3
煎,4,4,6,3
宛,4,2,3,4
支,2,1,1,1
薪,5,5,4,4
路,7,6,1,2
仔,2,2,1,2
懂,8,6,1,2
财,2,4,2,2
淄,3,3,5,4
又,1,0,1,1
慢,6,7,2,2
扬,3,2,2,4
喜,7,5,1,1
刷,3,7,2,1
題,10,5,2,3
殊,4,1,2,4
疾,3,2,3,3
预,4,4,3,4
廊,5,4,5,3
柚,4,4,1,1
傢,2,2,3,7
专,3,1,1,2
樓,7,6,2,3
炉,2,3,3,3
误,5,4,2,2
胑,5,4,2,2
笋,5,4,1,3
很,3,3,1,4
磁,8,2,3,6
寝,6,4,3,4
篮,5,8,2,3
呼,4,3,2,2
试,4,3,3,1
谈,1,3,5,5
現,8,5,0,1
濛,4,5,4,5
泪,4,2,2,1
晏,5,2,2,4
纶,3,3,1,5
興,9,6,2,3
素,5,2,3,3
楽,4,3,3,4
霞,9,6,6,1
气,3,0,1,1
莉,2,5,2,2
扁,4,6,2,1
窩,6,7,3,3
滚,2,1,6,6
允,2,2,1,2
煮,5,3,3,2
飲,4,4,4,5
莺,5,7,3,1
疝,2,4,2,1
菊,3,4,3,3
诊,1,2,2,5
悦,3,5,2,3
拒,5,3,1,1
泗,3,4,2,2
部,5,3,4,2
私,2,1,2,3
蛮,4,5,4,2
腐,3,5,6,4
突,2,1,4,4
七,1,2,0,1
如,3,2,1,2
遇,7,6,2,2
澤,6,6,3,2
最,7,4,1,2
毅,5,3,6,7
琍,4,4,2,2
歡,10,9,2,4
葵,4,3,3,4
偷,4,6,3,3
衰,4,3,2,3
让,3,2,1,1
猫,4,6,1,2
状,1,2,3,2
椎,5,3,2,2
誡,7,5,3,2
王,3,1,0,0
躺,7,7,3,3
段,5,3,1,4
捐,6,5,2,2
倡,6,5,0,1
幼,3,2,2,3
忘,2,2,3,1
賢,9,6,2,2
胃,6,5,1,1
漫,6,6,3,2
霖,4,5,7,2
宇,3,1,2,2
番,5,4,2,2
絲,4,2,5,6
傑,4,3,2,5
邮,4,4,2,1
瓶,4,4,2,3
毕,3,3,0,2
舰,4,6,3,3
扶,3,2,2,2
瑚,9,6,1,1
愁,1,3,5,5
賣,8,7,1,1
尚,3,5,2,1
腸,8,7,2,4
肥,6,6,1,1
深,3,5,3,3
羊,3,1,1,1
亦,1,2,3,2
姓,4,1,1,3
啃,7,6,1,1
乾,8,5,0,2
拆,2,3,2,3
逸,6,5,2,4
锋,7,2,1,4
叫,2,4,0,1
晴,9,5,1,1
宾,3,2,2,4
鶏,8,4,7,5
输,7,6,3,3
腑,5,5,4,3
染,3,3,3,3
炅,3,3,2,2
万,2,2,1,1
拍,4,3,1,2
澡,7,7,3,2
汪,3,1,2,1
蛇,5,5,2,3
速,5,4,2,2
挥,5,4,1,2
母,3,2,3,0
血,2,5,0,1
绣,5,3,1,7
葬,5,6,1,4
钲,6,3,0,2
哥,6,6,2,0
孩,4,3,3,4
鴿,8,6,5,3
泛,2,1,4,3
挖,4,2,3,5
损,4,6,2,2
烁,2,3,4,4
茉,3,3,1,1
储,6,5,1,3
烫,2,2,5,6
鄕,7,5,2,6
甬,4,3,2,1
帝,3,5,3,1
破,5,4,1,4
谁,5,3,2,2
三,3,0,0,0
子,2,1,1,1
遍,6,7,3,2
帐,2,4,2,2
角,4,3,1,3
悬,5,3,3,2
吃,5,3,0,2
它,2,2,1,3
迁,4,2,1,2
其,4,2,1,1
闯,4,5,3,0
串,4,5,0,0
地,3,5,1,1
咪,3,3,2,2
渠,5,3,3,2
鸭,6,6,3,1
桦,3,6,1,3
签,4,3,4,4
语,6,5,1,1
错,8,5,0,2
奠,5,5,2,3
諧,10,6,1,3
廎,7,5,2,4
协,2,3,2,2
距,8,6,0,0
锲,8,5,2,4
浦,4,3,4,1
川,0,3,0,1
穩,7,4,5,5
陋,4,4,4,2
亏,3,2,1,0
郁,5,3,3,3
潮,8,6,3,2
睡,9,5,0,1
君,5,4,0,1
熙,7,7,3,1
鳌,10,6,2,5
瘪,7,6,4,3
衔,5,3,1,4
僅,7,6,0,1
扭,4,3,1,1
通,6,4,3,2
摸,6,6,2,2
援,5,1,4,5
乘,3,4,1,4
心,0,1,2,1
虫,3,3,1,0
爪,1,3,1,2
靡,9,5,3,3
杰,1,1,4,2
砺,6,5,1,3
航,5,4,4,3
南,4,4,2,1
畵,9,7,0,0
律,5,3,0,2
尾,5,3,0,2
暂,7,5,0,3
布,2,3,1,1
睫,10,3,1,1
肴,4,2,2,3
领,3,4,4,4
循,5,5,0,4
榻,6,5,5,3
襄,8,7,2,4
漾,5,2,6,4
指,5,5,1,2
辋,7,4,3,2
阁,4,4,3,2
祛,4,2,3,2
弹,7,6,2,1
芜,4,4,0,1
蔓,7,8,1,1
和,3,3,1,2
旬,4,3,1,1
飙,5,5,7,5
另,3,4,1,1
蹄,7,9,3,1
扰,3,3,2,2
漂,5,5,4,2
贝,1,3,1,1
迹,3,3,4,3
东,2,1,1,2
堰,8,4,1,2
瑜,7,6,3,2
瓦,2,2,1,1
昊,5,3,1,1
辆,5,3,2,3
嶪,5,6,3,3
藕,9,8,2,2
銀,6,3,3,4
咨,3,3,2,4
象,3,4,3,6
滇,6,3,3,2
檬,5,6,3,5
竖,3,2,3,2
贰,4,4,3,1
疯,3,3,3,3
绘,5,1,2,5
带,3,8,1,1
邂,9,7,3,6
妻,5,2,1,2
煤,4,4,3,3
船,6,6,3,3
节,2,4,1,0
歲,4,5,1,4
牛,2,1,0,1
禮,8,7,3,2
莊,5,6,0,1
衣,1,1,2,3
臣,4,4,0,0
赞,7,9,1,5
直,6,3,0,0
巢,4,3,4,4
骆,6,5,2,2
鷄,9,4,8,7
溢,3,4,4,3
急,4,2,2,3
淮,4,2,3,2
招,4,5,2,2
档,4,3,2,2
琢,4,2,3,4
剧,5,7,1,1
耻,5,4,0,1
氯,6,3,4,3
鬼,5,6,1,3
癣,9,5,3,4
楠,5,5,3,2
桁,3,3,2,3
愈,4,6,5,3
体,2,2,1,2
击,3,3,0,0
貨,5,6,1,3
鬥,5,4,0,0
餐,6,3,5,6
臨,11,10,0,1
吗,5,5,1,0
卧,4,5,1,0
弥,4,4,3,3
览,3,6,1,2
倪,5,5,0,3
自,4,2,0,1
筝,6,4,2,4
雹,6,6,6,1
範,9,7,2,2
妇,4,1,1,2
砼,5,4,1,2
浮,3,1,5,4
椿,7,4,2,2
習,5,4,4,3
消,3,3,4,3
详,4,2,2,2
驱,5,4,2,1
骐,7,5,2,1
頭,9,4,2,3
械,3,4,3,3
虽,5,5,1,0
仓,2,3,2,1
劫,4,3,2,2
苑,4,4,2,2
谦,5,4,4,4
蔡,5,3,4,5
导,4,3,2,0
良,3,2,2,2
排,7,3,1,1
杯,2,2,2,2
圩,4,2,1,0
厚,6,4,1,2
椒,4,3,4,3
壁,9,6,2,2
息,4,3,2,2
撼,5,6,4,4
為,3,2,5,4
魁,6,3,3,3
单,4,3,1,1
菩,5,4,2,1
廛,9,7,1,2
亢,3,2,1,1
蜀,6,8,2,1
槐,6,3,2,4
躲,7,5,2,4
兆,1,2,2,3
萼,8,8,1,0
接,4,1,4,4
者,5,3,0,1
柴,4,5,1,2
土,2,1,0,0
把,4,5,1,1
杀,1,1,3,2
歧,4,3,1,1
壮,2,2,1,1
停,5,6,2,1
葡,6,6,3,1
儿,1,3,0,1
谋,5,4,2,2
緣,5,2,5,9
句,3,3,1,1
仪,0,1,2,2
十,1,1,0,0
跃,5,6,1,2
操,8,8,2,2
临,3,5,1,1
潞,7,6,3,3
客,4,2,2,4
早,4,3,0,0
痘,5,3,3,2
羙,3,2,3,3
脱,6,6,2,3
砾,5,4,2,3
已,3,3,0,0
缘,5,1,3,9
凖,5,3,2,2
役,3,3,1,4
摄,6,3,3,4
缎,7,3,1,7
轮,4,4,1,3
推,5,3,2,2
娅,3,2,2,3
濮,4,4,5,5
究,3,2,2,4
位,2,1,2,2
混,5,4,2,3
醇,9,7,2,2
惬,4,3,3,3
断,3,4,2,4
蟹,10,9,3,5
叁,5,1,2,2
蜂,7,4,2,2
汽,3,1,3,2
浅,2,1,3,2
守,2,1,3,2
运,5,1,2,2
洋,3,1,3,2
绵,6,5,1,4
烦,2,4,3,4
伸,3,4,0,1
酒,4,4,2,2
吸,4,3,1,3
决,2,2,2,2
棵,5,4,2,2
镀,7,4,2,4
远,5,3,1,2
樨,5,5,3,5
卫,2,2,1,0
蟠,8,7,3,2
婆,3,2,4,6
窖,5,3,2,4
旦,4,2,0,0
刺,2,5,3,1
秀,3,3,1,4
沫,2,1,3,2
暨,10,8,1,2
岸,4,5,0,1
腌,8,6,2,2
僖,7,6,1,2
组,6,2,0,3
變,10,4,8,8
铸,7,3,2,2
居,5,5,0,1
给,5,3,1,4
砖,6,3,1,3
丫,0,1,1,1
图,3,2,3,2
鸪,6,6,3,1
迩,3,2,3,4
宪,4,3,1,4
摘,6,6,4,2
誠,7,5,3,2
籬,10,8,6,5
蕾,6,8,5,0
丹,2,2,2,1
荘,3,4,1,1
琳,5,3,2,2
伙,0,2,2,3
寄,5,4,3,3
追,6,4,1,2
露,9,9,6,2
掉,6,5,1,1
疫,4,3,3,3
理,8,4,0,0
纲,3,2,2,4
養,6,3,4,4
飚,2,5,7,8
积,3,3,2,3
奋,4,4,1,1
条,2,1,3,3
孚,3,1,3,3
驾,6,7,2,1
忽,1,4,3,4
娱,5,3,2,3
锡,7,6,1,5
逼,8,6,1,1
疑,7,4,3,6
要,4,4,1,2
辛,3,1,2,1
率,4,1,4,4
練,5,4,4,5
薄,6,6,6,1
危,4,3,1,3
旅,3,3,3,5
岭,2,4,3,2
钥,6,3,1,3
浩,4,3,2,2
新,4,3,4,4
俬,2,2,2,4
鲍,9,6,1,3
給,5,4,3,4
阖,6,7,3,1
疼,2,1,5,3
颢,8,8,4,3
承,5,1,2,3
茨,2,3,2,4
且,4,2,0,0
靚,11,7,1,2
盘,4,6,3,2
共,2,2,1,1
峻,3,3,3,4
凯,6,7,0,1
兄,3,4,0,1
踪,7,5,3,3
朵,3,3,1,2
刻,2,4,3,3
满,3,4,4,3
儒,4,8,6,2
縣,7,5,5,5
熬,5,3,5,4
協,4,7,3,3
藏,8,10,2,2
默,5,4,6,3
夢,5,8,1,2
饿,2,3,3,6
麥,2,3,4,5
氙,4,4,1,1
義,4,3,4,4
悼,5,5,1,1
玩,6,3,0,1
棠,4,6,2,2
訓,5,5,1,1
饰,3,4,1,4
呆,3,3,1,1
恕,3,3,3,3
盒,5,7,1,1
炴,2,4,3,3
障,7,4,4,2
炬,4,3,2,2
努,3,2,3,4
视,3,5,2,2
粘,4,4,2,2
案,3,1,3,5
泰,3,2,4,3
褥,5,5,5,6
鲤,10,6,0,2
穿,3,2,3,4
诏,4,5,2,2
盔,3,5,2,3
吨,5,5,0,0
鞭,9,9,1,2
脑,5,4,3,2
楚,5,3,3,4
登,5,2,3,4
担,5,3,1,1
庵,6,5,2,2
贤,2,5,2,2
軽,8,4,1,1
昏,5,4,1,3
質,6,6,1,5
剂,1,4,3,2
命,4,5,2,1
滩,5,2,4,3
故,4,3,1,2
叽,4,4,0,1
骇,5,5,3,3
玺,4,2,3,3
賓,6,3,2,5
漁,4,3,5,4
天,2,1,1,1
幢,8,6,3,1
痣,3,3,4,2
暄,9,4,1,2
炝,2,4,4,3
抛,4,5,2,3
长,1,1,1,2
拓,4,3,1,2
恋,1,3,5,3
區,8,7,0,0
购,3,4,3,3
事,6,4,1,0
緒,7,4,2,4
搞,7,7,3,1
吾,5,4,0,0
贸,2,6,3,4
钣,4,2,1,5
衢,14,8,2,3
磊,9,6,0,3
龄,4,5,4,3
克,4,5,0,1
舒,6,5,3,4
桃,2,3,3,4
姜,4,1,2,3
屏,4,4,1,3
漕,7,6,2,1
杠,3,2,1,1
卢,3,3,0,1
氛,4,3,3,3
酗,5,6,1,2
买,2,1,3,2
翎,3,3,7,4
恐,4,4,3,2
機,6,3,6,7
厢,6,4,1,2
勿,1,3,1,3
票,5,5,2,1
栋,3,2,2,3
框,6,3,1,1
滾,3,3,5,5
珞,6,3,1,2
寇,6,3,2,4
款,5,3,3,4
炮,4,4,3,3
兩,2,3,3,2
再,4,3,1,0
璟,9,6,3,1
軰,7,6,0,2
縂,4,4,5,5
纪,5,2,0,3
鐘,10,4,4,3
姿,2,1,3,6
坂,3,2,1,3
肯,5,4,1,1
爲,4,2,6,3
链,8,3,1,4
彧,4,5,2,3
從,1,4,3,5
毡,6,4,0,1
貝,4,2,1,1
備,5,7,1,2
咽,5,5,1,1
库,4,2,1,2
英,3,5,1,1
苯,3,3,1,1
则,1,5,2,1
坐,2,3,2,2
蛟,4,3,4,2
参,2,1,2,5
拇,4,3,4,1
鵝,6,5,7,5
餃,4,3,6,4
堵,7,4,0,1
谱,6,5,3,3
沱,2,2,3,4
投,4,3,2,3
鼻,8,7,0,2
宴,5,2,2,4
閏,9,5,1,0
俞,4,5,3,2
壬,2,2,0,1
國,6,5,2,1
蹈,9,6,2,3
袁,4,4,1,3
冬,1,0,3,2
囱,3,3,1,3
星,6,3,0,1
遗,6,7,2,2
灼,1,2,4,3
农,1,3,1,3
抢,3,4,3,2
嫂,6,3,2,4
幽,5,3,2,4
樽,6,6,4,3
贞,2,4,1,1
孢,6,4,2,2
勝,6,5,4,4
动,4,2,2,2
堅,7,5,1,1
艾,1,2,1,1
潇,4,5,3,2
风,2,2,1,2
瓜,1,3,2,3
剃,3,7,3,2
仑,1,3,1,2
丧,2,3,2,4
倒,4,4,2,2
捕,5,4,3,1
凌,3,1,3,4
先,3,3,0,2
脊,3,3,4,4
算,7,6,1,3
锂,8,4,0,2
癌,8,10,2,1
罪,8,6,0,0
娘,4,2,3,4
添,2,2,5,3
来,2,1,2,2
男,4,5,1,1
予,2,1,2,2
淘,4,4,3,3
陈,3,2,3,3
概,7,7,2,3
個,5,6,0,1
一,1,0,0,0
診,5,3,2,4
录,3,2,3,2
汤,2,1,3,4
筒,6,6,2,2
袂,3,3,3,3
盗,3,5,2,4
氟,6,6,2,2
韦,3,2,1,0
薡,9,10,0,1
灡,10,9,5,3
补,1,2,3,2
灾,1,1,3,4
暴,5,5,4,3
烂,3,1,3,3
传,3,2,1,3
與,7,5,2,4
埠,7,5,0,1
酿,7,6,2,3
面,5,5,0,1
潜,7,4,4,3
齿,3,4,1,1
馍,6,6,1,4
謝,10,5,4,2
聯,9,6,2,6
籍,10,7,2,3
序,3,2,3,3
弱,6,6,4,2
撮,8,5,2,3
展,4,6,1,4
廣,6,6,2,2
簾,7,6,5,6
胞,7,5,2,2
鉴,4,3,3,3
庭,6,3,2,4
鳮,6,3,5,3
銷,6,4,4,4
肉,1,2,3,2
春,6,3,1,1
羚,4,2,4,3
跑,8,7,1,1
渗,2,1,4,6
匮,6,7,1,1
棘,4,6,4,2
疏,5,5,1,4
流,3,3,3,3
邻,2,2,5,3
翟,6,4,5,3
像,3,4,2,7
逝,4,4,2,4
輝,8,8,1,2
瘀,3,4,7,3
贫,2,5,3,3
囊,11,12,1,4
琥,8,6,0,4
燎,4,5,6,5
悠,1,3,3,4
街,6,4,1,2
邦,4,2,2,1
鍍,7,4,4,4
汝,1,0,3,3
侨,1,5,1,4
弓,3,3,1,0
佑,3,3,0,2
桔,5,4,1,1
嵗,3,6,1,4
苟,4,5,1,1
轧,4,3,0,1
苦,4,5,0,0
尊,5,5,3,2
竟,6,4,2,2
隐,5,3,4,4
豫,5,4,4,8
验,5,4,4,2
匙,6,5,1,2
窃,4,4,3,4
弩,5,3,3,3
调,6,6,2,2
若,4,4,0,1
晟,5,5,2,2
太,1,1,2,1
所,3,5,0,4
店,4,4,1,1
誼,10,4,2,2
橄,6,3,2,5
蚁,3,3,3,1
蒲,5,5,4,1
宜,5,2,1,2
弈,2,4,3,3
工,2,1,0,0
藝,10,8,2,3
潔,6,4,6,5
汉,1,0,3,2
洞,4,4,3,1
被,3,3,3,5
于,2,1,1,0
硫,6,5,1,3
振,4,4,2,5
疗,2,2,3,2
涵,2,3,5,4
银,6,3,1,4
记,4,3,1,1
涛,4,2,4,1
甫,4,3,2,1
均,3,2,2,2
履,7,5,1,6
赏,4,8,2,2
局,5,5,1,1
醒,10,7,0,2
問,8,6,1,0
师,2,5,1,1
撒,5,5,4,5
护,3,3,2,2
酱,5,5,2,4
进,4,3,1,2
见,2,4,0,1
香,4,3,1,2
俄,1,3,3,4
佐,3,2,0,2
民,3,2,1,2
乎,2,1,2,2
槽,8,7,1,1
搜,6,4,2,3
惩,3,4,2,3
半,2,1,1,1
椴,6,4,2,5
彭,5,3,1,4
靓,8,7,1,2
冲,2,3,1,1
辽,3,2,2,2
选,5,4,1,3
伐,1,2,2,2
歹,2,0,1,2
质,2,5,1,3
阴,4,3,3,2
股,6,4,2,3
讼,2,1,3,3
会,3,1,2,2
好,3,1,2,3
家,2,1,3,6
钉,4,2,1,2
磅,7,6,4,3
敖,5,3,2,3
戛,6,3,2,2
价,0,4,1,3
膜,8,7,2,2
霍,6,5,6,1
宅,3,3,1,3
趣,7,4,2,3
败,2,3,2,3
高,6,6,2,0
胎,6,4,2,2
赁,3,6,1,3
火,0,1,2,2
偿,4,4,2,3
黛,5,5,6,3
甄,7,7,1,1
软,4,2,1,4
仗,1,2,1,2
叔,3,2,3,2
瀚,7,7,7,4
装,3,3,3,4
罚,3,7,2,1
伏,1,2,2,2
盛,4,7,2,2
曹,7,6,0,0
惰,6,4,2,3
季,3,2,2,3
榆,5,6,4,3
畅,5,4,1,3
丛,1,2,2,2
知,4,3,1,2
岛,3,6,3,1
潘,5,4,4,3
擅,10,7,2,1
猴,4,4,2,5
鐵,10,6,4,3
闻,4,4,2,1
邵,4,5,3,2
掀,3,4,2,6
扫,4,2,1,1
麓,7,8,3,5
访,3,3,3,2
仲,2,4,0,1
挂,5,3,1,1
傣,3,3,4,4
鹏,9,7,5,3
娄,2,1,3,4
韬,8,4,3,3
雾,4,5,7,3
殡,5,2,3,6
耽,5,4,0,4
陵,4,2,4,4
吖,2,3,1,1
崧,3,4,3,3
尺,2,2,1,1
調,10,7,2,1
帛,4,5,1,1
疮,3,4,4,2
亿,2,2,0,2
撤,7,3,4,5
安,2,0,2,4
闭,2,3,3,1
彊,12,9,1,0
榜,5,5,5,3
拎,2,2,4,3
垦,5,3,1,2
驳,3,3,3,2
颜,4,4,3,7
妮,4,4,1,4
贺,4,7,2,2
浇,4,5,2,3
午,2,1,0,1
压,3,2,1,1
雅,6,4,2,2
几,2,2,0,1
寨,5,3,3,5
琼,6,4,3,1
驰,4,7,2,1
扒,1,1,2,2
寿,4,2,2,0
废,3,2,3,4
善,6,3,2,2
漆,1,3,7,5
痛,5,4,4,2
侯,4,3,1,3
恢,1,2,3,4
列,2,2,2,2
巩,4,3,1,1
蕴,8,8,0,3
昼,6,4,1,1
觉,3,6,2,2
佩,4,6,1,2
薯,8,9,0,1
甘,3,2,0,0
乔,1,4,1,3
识,3,3,2,2
螂,7,6,5,2
普,5,4,2,2
湘,5,3,3,2
坞,5,4,2,1
吐,4,3,0,0
瑗,7,1,3,4
疆,14,10,1,0
璐,10,7,1,2
花,2,6,0,2
遊,7,4,4,4
快,2,3,2,2
剪,5,6,4,3
嵊,4,7,1,4
吵,2,4,2,2
岳,3,5,0,1
沉,3,4,2,2
的,4,3,2,2
歆,6,3,3,4
悉,2,2,4,3
將,4,4,3,4
蟑,9,6,3,1
迅,4,3,2,1
衫,1,1,2,5
箍,6,7,3,3
芭,4,6,0,0
翌,4,2,6,3
饲,5,4,1,3
仁,2,1,0,1
醸,8,7,3,6
历,2,3,1,2
螃,7,7,5,2
观,3,4,1,2
对,2,1,3,1
乃,2,3,1,2
旮,5,4,0,1
恩,3,4,3,2
蹓,8,10,2,3
置,8,7,0,0
胗,3,3,2,5
設,8,4,2,2
闌,9,7,3,2
宮,5,5,1,3
胥,6,3,2,3
灿,1,4,2,2
痕,4,3,3,3
枫,3,3,2,3
等,5,4,3,2
降,4,2,3,4
沈,2,2,2,4
丁,1,1,1,0
蔚,6,6,4,2
医,4,2,1,2
炫,3,1,4,4
糖,7,6,3,3
骏,5,3,4,4
哈,5,5,1,1
启,4,4,1,1
晋,5,4,1,1
碎,5,5,3,3
裤,5,3,3,4
袭,3,3,3,5
窝,4,4,4,4
瓣,7,5,6,5
闲,2,3,3,1
仕,2,2,0,1
阿,4,4,3,1
雲,5,3,6,1
烨,2,6,2,4
烤,4,4,3,3
眾,2,5,1,4
说,4,5,2,3
奥,3,5,4,4
读,4,3,4,3
名,3,2,1,2
简,6,6,3,2
滨,3,2,4,5
巨,4,2,0,0
沃,1,2,3,3
喧,8,4,1,2
眙,7,4,1,1
炭,2,4,2,3
還,7,8,2,4
侈,2,1,2,5
盖,5,5,1,1
线,4,1,1,4
槁,7,7,3,1
焗,5,6,3,3
禾,1,2,1,2
崴,4,5,2,4
采,2,1,3,3
扦,3,2,1,2
驻,6,4,2,0
久,1,0,1,2
墙,8,6,1,1
孝,4,2,1,2
翰,7,7,5,3
粮,4,3,4,4
點,7,6,4,2
岁,2,3,1,2
含,3,3,2,2
馄,6,5,0,5
嘻,9,7,1,1
炊,1,2,3,5
载,5,3,2,2
冶,3,2,2,2
属,6,7,1,3
圈,6,5,3,2
抄,1,3,3,3
归,3,3,0,1
憶,5,4,5,3
滤,3,4,4,5
啡,8,4,0,0
薇,6,8,1,5
套,6,2,2,2
座,3,4,3,3
只,2,2,1,1
况,3,4,1,2
圭,4,2,0,0
向,3,5,1,1
蒋,3,4,4,3
缠,8,4,1,4
芙,3,3,1,1
贷,2,5,3,2
負,5,2,1,3
爸,3,4,2,2
雞,8,3,5,6
洗,3,3,2,3
少,0,2,2,2
毛,3,3,0,1
鋼,6,6,4,3
楞,5,7,3,2
娠,4,3,2,6
澎,5,3,3,5
継,4,3,4,5
违,5,3,2,1
掌,6,6,2,2
窄,4,1,2,4
诺,5,5,1,2
孟,4,5,1,1
琅,6,3,2,2
歴,5,5,2,3
令,1,1,3,2
及,2,1,1,3
信,5,3,1,1
搏,6,5,5,1
咛,4,3,2,2
拉,3,1,3,2
燃,2,2,8,7
闪,1,3,3,1
狂,3,2,1,2
倩,6,4,1,2
楓,6,7,2,3
惠,4,4,3,1
钢,4,3,2,3
绑,6,2,2,4
警,10,7,3,3
皂,5,4,0,1
語,10,6,1,0
坏,3,2,1,1
散,4,4,3,4
浜,2,2,3,3
猛,4,6,2,3
袋,2,3,4,4
厂,1,1,0,1
尔,1,1,2,3
挽,5,5,1,4
士,2,1,0,0
夫,2,1,1,1
饨,4,4,0,3
杉,1,1,1,4
辞,7,4,2,2
甜,7,5,0,1
缆,5,6,1,5
堂,5,6,1,1
炔,2,3,3,3
艳,7,5,0,2
极,3,2,2,4
使,3,4,1,2
窗,4,3,3,6
千,1,2,0,1
娟,6,4,2,3
挑,2,3,3,4
劲,4,3,2,2
沌,3,3,2,1
經,5,2,5,6
妙,1,2,3,4
邱,3,3,2,2
妃,4,2,1,2
烩,3,2,4,4
止,2,2,0,0
填,8,4,1,1
抓,2,4,2,3
表,3,2,1,3
偢,1,3,3,5
健,8,3,1,3
生,3,1,0,1
禦,7,6,3,4
漪,4,5,5,4
餠,7,7,3,4
畏,4,5,1,3
張,7,6,2,3
祠,5,4,3,1
莓,5,4,3,1
菓,5,5,1,1
雯,3,3,7,1
余,2,2,3,2
耘,6,1,2,2
貢,6,3,1,1
旭,5,4,0,1
瞻,12,7,1,4
圖,9,9,0,0
当,3,2,1,1
費,7,7,2,2
磨,6,5,3,4
塲,8,6,1,4
稅,4,5,2,4
乳,4,3,3,3
奧,4,5,4,4
留,4,6,2,3
丑,3,2,0,0
际,3,2,4,2
书,2,3,2,0
童,7,3,2,1
銭,6,2,4,3
咫,4,4,2,2
培,6,3,2,1
摩,6,4,4,4
晶,9,6,0,0
馨,11,9,2,5
兰,3,0,1,1
豪,5,5,3,4
吴,4,3,1,1
值,6,4,0,1
颂,3,3,3,4
利,1,3,2,2
莱,3,3,2,2
菠,3,4,3,4
鲸,8,6,3,3
瞩,10,9,1,3
拔,3,1,3,3
贿,5,5,2,3
酥,5,5,1,3
氣,4,2,3,3
争,4,2,1,2
屹,4,4,0,2
狼,3,3,3,4
顾,5,6,2,3
窑,4,3,2,4
境,8,5,2,2
財,5,3,2,2
基,6,3,1,1
宫,5,4,1,2
笛,5,5,1,2
欣,2,3,1,5
囧,4,6,1,1
尤,2,2,1,1
述,3,2,3,2
闫,4,2,2,0
晒,6,6,0,1
易,4,5,1,3
坪,4,2,1,1
鄉,6,3,4,5
褡,5,6,3,3
隱,7,4,6,4
铣,6,4,0,4
此,3,4,0,1
狠,3,3,2,4
津,5,2,2,1
碧,9,5,0,2
北,2,3,0,2
旺,6,3,0,0
熄,4,4,4,4
椰,5,4,3,3
栖,4,5,1,2
尹,3,2,0,1
闸,4,5,2,0
押,4,4,1,1
侣,4,5,0,1
中,2,3,0,0
浒,3,2,3,3
灸,1,1,3,4
沪,2,2,3,2
璨,7,3,4,5
炼,2,3,2,2
哇,6,4,0,0
犇,6,3,0,3
巫,2,3,2,2
苔,4,4,1,1
寻,4,2,2,0
鱼,5,3,0,2
内,1,3,2,1
度,4,3,2,2
霸,10,10,6,1
奕,2,3,4,3
哉,4,4,2,1
芯,1,3,2,1
脚,7,5,3,2
离,4,4,4,2
广,1,1,1,1
長,4,3,1,3
匡,5,2,0,0
饶,5,6,0,5
漢,6,5,3,2
致,5,1,2,3
馅,6,4,1,5
憾,4,6,4,4
傲,5,4,2,4
厅,2,2,1,1
达,3,2,2,2
請,11,5,2,1
目,4,2,0,0
诸,6,4,1,2
诚,3,4,3,3
拨,3,2,3,4
渚,5,3,2,2
感,4,5,3,3
岔,2,5,2,2
席,4,6,2,1
滁,3,3,7,4
鉄,5,3,3,4
待,3,3,2,2
烟,3,4,3,3
璧,10,6,3,2
府,2,3,3,2
喉,6,5,1,3
牙,2,2,1,1
由,3,3,0,0
叙,3,2,4,3
迪,5,4,1,1
山,1,3,0,0
釘,4,2,3,2
蚂,6,6,2,0
滴,5,5,5,2
蝠,9,8,1,0
扈,7,8,1,1
亨,4,3,2,1
葩,7,8,0,1
骚,7,6,4,1
缝,8,2,2,6
袍,5,4,3,3
敗,5,2,2,3
材,2,2,2,2
透,5,4,2,5
规,4,5,1,2
懈,7,7,3,6
扑,1,2,2,1
則,4,4,2,1
术,1,1,2,1
勇,5,5,3,2
锯,8,6,0,3
整,7,5,2,3
鸡,4,3,4,2
怡,3,3,2,2
帕,4,5,1,1
奶,3,2,1,4
美,4,2,2,2
倬,5,5,0,1
床,2,2,2,2
咯,5,4,1,2
或,4,3,2,1
裙,6,5,2,3
般,5,4,4,4
艇,7,4,4,5
沾,3,3,2,1
乡,2,0,0,3
提,6,4,2,2
勃,5,6,2,2
婵,5,3,2,3
脏,6,4,2,2
磚,8,6,3,1
笔,5,3,1,3
转,6,2,1,3
濟,4,6,6,6
谓,7,6,2,2
缺,5,5,1,2
渍,4,4,3,2
准,4,2,2,2
宗,3,1,3,3
译,4,2,2,2
管,7,5,2,4
格,4,3,2,3
俶,3,3,3,3
礫,11,5,3,7
洽,3,3,3,2
潤,9,5,3,1
注,3,1,3,1
霆,7,5,6,3
赚,5,6,4,4
巾,1,3,1,0
黏,4,6,5,5
凰,8,5,0,2
挤,2,3,3,3
內,1,2,2,1
劝,2,2,2,2
监,3,6,1,1
授,4,3,4,4
舟,2,2,3,2
踩,6,5,3,3
每,4,2,3,1
權,10,9,2,2
坝,3,4,1,1
存,3,2,1,2
鳯,7,5,4,3
奏,5,2,2,2
榭,6,4,4,3
埋,7,4,0,0
创,2,5,3,1
粹,3,4,5,4
牢,3,1,1,3
鲁,8,5,0,2
愛,3,3,5,5
爬,4,7,1,2
设,4,3,2,3
氮,3,3,5,5
化,1,4,0,2
苗,4,5,0,0
毁,9,5,1,3
侥,4,6,0,3
禧,8,6,3,2
墨,6,4,4,2
杷,4,5,1,1
渤,5,6,4,3
结,6,3,0,3
死,3,2,1,3
印,2,3,1,2
荒,4,6,1,1
夏,6,2,1,3
嗑,7,7,1,1
呵,5,5,1,0
焕,3,4,4,5
彤,2,2,2,4
摇,5,4,3,4
勞,2,6,5,5
铭,6,3,1,4
姨,5,4,3,3
官,5,3,1,2
雙,9,4,3,3
證,10,4,4,4
堡,5,5,1,2
福,7,6,2,1
脉,5,3,4,3
迈,4,3,2,2
鹤,8,7,4,2
巧,4,3,1,0
腩,7,6,3,2
出,2,5,0,0
歉,5,4,4,6
搭,5,6,2,2
哟,5,3,2,4
塞,6,3,2,4
肛,5,3,1,1
盼,5,4,2,2
禁,4,3,4,3
挣,5,3,2,3
勤,8,7,1,1
麦,4,1,1,2
缇,7,3,1,4
伯,3,3,0,2
犟,10,9,2,1
灌,9,8,3,2
坡,4,3,1,3
俯,2,4,3,3
晤,8,6,0,0
菲,7,4,0,0
曼,6,6,1,1
央,2,3,1,1
蜡,8,7,1,0
拜,7,1,0,2
森,3,3,3,3
柜,5,3,1,1
媚,7,5,1,3
评,3,2,2,2
育,5,2,2,2
蜕,6,7,2,2
嫌,5,3,4,5
孙,2,2,3,2
橋,7,9,3,3
缔,5,5,3,4
抹,3,2,2,2
宠,3,2,2,4
凇,2,1,4,4
紧,3,3,4,4
侧,1,6,2,2
刊,2,3,1,0
啦,5,3,3,2
淡,0,2,6,5
常,4,8,2,1
颈,5,4,2,3
臻,8,3,3,4
龍,12,6,3,2
漏,4,5,7,2
擎,8,6,3,4
橱,7,5,4,3
惊,3,4,4,2
亮,6,6,1,1
伍,3,3,0,1
稞,5,4,2,3
唯,6,4,1,1
奴,2,0,2,3
覽,13,12,0,2
龈,6,6,2,3
狐,1,4,3,5
铝,7,5,0,2
希,2,3,2,2
畔,5,4,1,1
饼,3,3,1,5
暗,8,4,2,1
婷,6,5,3,2
梓,4,2,3,2
繁,7,3,7,6
缅,7,5,0,4
場,7,6,1,3
糙,7,5,3,4
哲,4,5,1,3
翁,3,2,6,4
柳,2,5,2,3
综,5,1,3,6
眼,7,4,1,2
榨,5,2,3,5
绽,5,1,2,6
欺,5,3,2,4
奇,4,4,2,1
颗,6,6,2,3
劈,8,7,3,3
神,4,4,2,1
黒,5,3,3,1
爵,7,7,5,3
块,4,3,1,1
憩,8,6,2,3
訂,6,3,2,0
本,2,1,1,1
莹,5,5,1,0
坟,3,1,2,1
肇,8,4,2,3
茶,2,4,3,2
粽,4,2,5,5
辣,6,4,3,2
抬,4,3,2,2
版,3,4,1,4
平,2,1,1,1
陶,5,5,3,3
飯,4,4,4,5
板,2,2,2,4
羅,8,7,3,4
菀,5,4,3,4
礻,1,1,2,1
呐,3,4,2,1
查,5,3,1,1
咕,5,5,0,0
尴,5,8,1,2
帜,3,5,2,1
么,1,1,1,2
桌,5,4,1,1
江,2,1,2,1
總,5,5,5,7
咱,6,4,0,1
增,7,6,2,2
囍,14,10,2,2
他,1,5,1,2
秋,1,2,3,4
症,4,3,2,1
恬,4,4,1,2
马,3,3,1,0
形,2,2,0,4
差,5,2,1,1
塌,7,5,4,2
墅,9,5,2,2
堤,7,4,1,1
湛,6,5,2,2
柱,4,2,2,1
邨,4,4,2,1
蕐,4,7,4,4
硚,4,6,1,4
稀,3,4,3,4
桷,5,4,2,4
珑,5,3,1,2
后,3,3,0,2
大,1,1,1,1
紀,5,3,2,3
浴,2,2,4,3
卜,0,1,1,0
姗,4,4,3,4
便,4,4,1,2
涨,4,4,4,3
丽,3,4,4,0
莎,1,4,4,3
敏,5,2,4,3
坷,5,4,1,0
瞳,11,5,2,1
削,3,5,3,2
庞,3,3,2,3
苏,2,4,2,2
痤,3,4,4,3
携,7,5,2,4
俭,2,2,3,3
悟,5,5,1,1
汁,1,1,2,1
伴,2,2,1,2
六,1,0,2,1
仆,0,2,1,1
潭,7,7,2,1
宋,2,1,2,3
擒,5,6,6,4
鋁,7,5,2,2
饭,2,2,1,6
橡,4,4,3,7
靴,6,9,0,2
昆,5,4,0,2
因,3,3,1,1
岩,4,5,0,1
正,3,2,0,0
往,3,2,1,2
遵,7,6,4,3
樞,9,8,1,1
扛,3,2,1,1
铂,6,3,0,3
鋪,7,4,4,2
曙,10,9,0,1
功,3,3,1,1
派,0,2,3,6
浏,1,2,5,2
铍,5,3,1,5
屋,6,3,1,2
瞬,9,5,3,5
盅,4,7,0,0
探,4,6,2,3
估,3,4,0,1
双,2,0,2,2
融,9,10,2,1
莭,5,6,2,1
舜,5,3,3,5
餅,5,5,4,4
栏,4,1,2,2
楹,6,7,2,4
駕,7,7,5,2
绎,5,1,1,4
惯,4,7,2,2
卖,3,2,3,2
盏,4,5,1,1
国,5,3,1,0
份,1,3,2,3
炎,0,2,4,4
堆,6,3,1,1
赣,10,7,4,4
琊,6,4,3,2
词,5,4,2,1
枣,2,3,4,1
鱿,7,5,1,3
社,3,2,2,1
舫,4,4,5,3
羽,2,2,4,2
逛,5,3,2,3
匯,6,3,3,2
萧,4,5,1,1
皱,6,3,1,5
庆,2,2,2,2
凝,7,4,4,7
洱,3,2,2,2
仿,2,3,2,2
璃,7,5,4,2
穆,4,4,3,7
技,3,2,2,2
伊,3,3,0,2
琨,8,5,0,2
間,9,6,1,0
咖,5,6,1,1
虹,5,4,1,0
莫,5,5,1,1
市,2,3,2,0
踏,8,7,2,2
約,3,2,4,4
刃,1,3,1,2
拳,5,2,3,3
候,4,4,1,3
遮,5,4,5,3
澜,4,5,6,3
顿,5,6,1,2
弄,4,3,0,1
婕,7,1,2,3
遣,9,7,1,1
抗,4,3,2,2
忆,2,2,1,2
顺,2,6,1,3
娜,5,3,4,4
泡,4,3,3,2
制,3,5,2,1
涞,2,1,4,3
兑,3,4,1,2
想,5,4,3,2
陷,6,4,3,3
舞,6,5,1,4
袜,3,2,3,3
弧,4,6,3,3
槟,4,3,3,5
哪,6,5,3,2
衷,3,4,2,3
翼,7,7,5,3
今,1,1,2,2
诞,6,4,2,4
吒,4,5,0,1
煨,4,6,3,5
乓,2,2,1,1
倉,5,5,2,2
隆,6,2,3,4
谅,4,4,4,2
售,6,4,1,1
書,8,4,0,0
四,3,4,0,1
插,7,4,1,3
求,1,1,4,2
瘦,6,4,3,3
召,3,4,1,1
嘿,6,5,4,2
峨,2,5,3,3
垫,4,4,2,2
琉,6,4,1,2
冥,5,4,2,1
缩,7,3,1,7
荷,4,6,1,1
竺,4,2,1,2
嘘,6,7,1,4
峡,3,4,2,2
祈,2,3,2,3
涉,2,3,2,3
骅,5,8,1,2
溜,4,6,4,4
喱,8,6,0,1
怀,1,2,2,2
汕,1,3,2,1
摊,6,3,3,3
卤,3,3,1,1
樟,7,4,3,2
百,4,2,0,1
棋,5,3,2,2
屬,8,11,4,4
资,2,4,3,5
虾,4,4,2,0
坚,3,3,1,1
赈,4,6,2,5
蛛,5,4,2,2
笼,4,4,2,4
铬,6,3,1,4
吕,4,4,0,0
邊,9,5,5,6
御,5,5,1,3
寶,11,6,2,4
写,4,4,1,0
身,4,2,1,2
势,3,5,3,3
雕,9,7,2,2
巴,3,4,0,0
尽,2,2,3,1
沿,4,4,2,2
泼,2,1,4,4
寞,6,5,2,3
様,5,3,4,4
送,4,2,3,3
绒,4,1,2,5
埭,5,3,3,2
覆,8,7,1,5
域,6,4,2,1
券,3,3,3,3
墓,7,6,1,1
责,4,4,1,1
务,2,2,2,3
耸,3,4,2,3
井,2,2,0,1
瑶,7,4,2,3
防,3,3,4,2
啄,3,3,3,4
朗,6,4,3,2
鮮,7,4,4,4
蓝,4,8,1,1
谷,2,2,2,2
槓,7,4,2,2
丸,2,2,1,1
馋,5,5,2,6
源,4,4,4,4
髮,7,1,3,6
比,2,2,0,2
滑,6,5,3,4
坊,4,3,2,1
绩,6,4,1,4
赶,5,3,1,1
勒,6,7,1,1
婧,7,3,2,3
棰,6,4,1,2
醋,9,8,0,1
挞,4,3,3,3
丶,0,0,1,0
复,5,2,1,3
迷,3,2,3,3
鈴,4,2,5,4
加,3,4,1,1
貴,7,5,1,1
颁,3,5,3,4
赋,5,6,3,1
暧,7,4,3,4
洮,1,2,4,4
换,4,4,3,4
阻,5,3,2,1
涿,1,1,5,5
幕,6,8,2,1
烈,2,2,5,3
姐,5,2,1,2
體,13,11,2,4
聘,8,7,1,1
詠,7,3,4,2
晾,6,5,3,1
貂,3,5,3,6
畜,6,3,2,2
殓,4,1,4,4
笑,3,4,2,4
錦,7,6,3,3
強,7,6,3,1
藤,6,6,6,5
翡,8,4,4,2
刀,1,2,1,1
昱,5,2,2,1
瑛,6,6,1,1
计,2,2,1,1
圳,2,4,0,1
世,3,3,0,0
刨,4,5,2,1
廷,5,2,1,3
啧,6,6,1,1
女,1,0,1,2
涡,3,4,4,2
滥,3,6,3,2
猪,5,4,1,3
主,3,1,1,0
胡,6,5,1,1
熊,4,6,6,6
痹,5,6,2,2
俱,5,3,1,2
询,5,4,2,2
電,6,7,5,0
队,1,2,3,2
妩,4,2,1,3
坑,5,3,1,1
法,3,1,3,2
尼,3,4,0,2
描,5,6,1,1
潢,5,5,3,2
翻,7,6,6,4
点,3,3,3,1
邸,3,3,4,4
柔,3,2,2,4
喂,6,7,1,3
得,5,4,2,2
察,5,1,5,7
帘,2,3,3,3
朋,6,4,2,2
瘤,5,7,4,4
睛,10,5,1,1
周,5,5,1,1
杜,3,2,1,1
第,5,7,2,3
筱,3,4,2,5
圆,5,7,1,1
肾,4,4,2,2
演,5,3,4,4
仙,1,4,0,1
捍,6,4,1,1
钟,5,4,0,2
贻,4,5,2,2
祝,4,5,2,2
灰,1,1,2,3
發,7,5,4,5
飓,7,4,2,3
禄,4,3,5,3
聖,8,5,0,1
啊,6,6,3,1
却,4,3,2,1
醫,11,8,2,5
话,5,4,1,2
妊,3,2,1,3
麟,9,8,4,8
馬,4,3,4,1
蝇,9,8,1,0
唱,8,6,0,0
粵,6,6,3,3
雀,4,3,3,2
兿,6,3,4,4
服,5,4,3,2
赫,4,6,4,4
震,5,6,6,4
涟,5,2,3,3
实,2,1,4,3
房,4,4,3,2
续,5,2,3,5
才,1,1,1,1
翠,4,5,7,4
苹,3,3,1,1
葱,2,6,4,4
棺,6,4,2,3
鏡,9,5,4,4
联,5,3,2,3
試,8,4,3,0
异,4,4,0,1
但,4,3,0,1
毫,7,5,1,1
殿,7,6,2,4
营,6,8,0,0
塵,7,7,1,3
有,4,2,1,2
馆,6,4,1,5
灶,2,2,2,2
驼,5,5,2,3
苼,4,3,0,1
捷,7,2,2,2
虞,7,6,1,4
鸿,5,4,5,2
励,4,5,2,3
怎,3,2,2,2
楊,6,6,2,4
肌,5,4,1,2
洄,4,4,2,1
蒸,4,3,5,4
揽,4,7,2,3
彼,2,3,1,5
惑,4,4,4,2
風,5,6,1,2
瘾,6,4,6,5
濃,6,7,3,5
毗,5,5,0,2
辰,3,3,1,4
飘,7,7,3,3
阶,1,4,3,3
耐,3,5,3,1
珂,6,4,1,0
时,4,3,2,0
笕,4,6,1,3
達,7,3,2,2
雜,6,5,5,4
步,2,3,0,2
竹,2,2,2,4
匝,3,4,1,0
東,4,3,1,1
钩,5,2,2,4
術,3,3,3,3
伟,3,3,1,1
拾,4,4,2,2
乱,5,5,0,1
容,3,2,3,4
鲢,10,5,1,4
减,4,4,2,3
瑙,5,4,4,5
進,6,3,2,2
驽,5,3,3,3
祥,4,2,3,2
兔,4,4,1,3
皋,5,4,1,2
汐,1,0,3,3
薹,10,8,1,1
樱,4,7,4,5
打,2,2,2,1
河,3,3,3,1
乌,3,3,2,1
乙,2,1,0,1
够,5,3,3,5
炙,1,1,4,4
码,6,5,1,1
环,4,2,1,1
端,5,7,3,2
岗,2,5,2,1
瑟,6,3,3,2
构,3,2,3,3
蟲,9,9,3,0
劍,5,9,4,3
椅,5,5,3,2
抵,3,3,3,4
啥,6,6,1,2
毂,9,6,1,3
賀,7,6,2,2
慧,9,4,2,1
廚,7,5,4,2
麯,5,7,4,5
嚣,10,11,1,2
寺,3,2,2,0
幅,7,8,1,0
渝,4,5,5,3
水,1,2,2,3
桐,5,5,2,1
行,2,2,1,2
末,2,1,1,1
宝,4,1,2,2
裢,6,3,3,4
毒,6,3,3,0
邪,3,3,3,2
瑪,7,4,4,1
筛,4,7,2,3
永,2,1,3,2
焙,4,3,4,3
邓,2,1,3,2
庄,3,2,1,1
裳,4,6,3,4
思,3,4,2,1
呢,5,6,0,2
跆,7,6,1,1
糊,7,6,3,3
柯,4,4,2,1
硅,7,4,0,1
泥,3,4,2,3
纷,3,2,2,5
亭,5,5,2,0
镇,9,4,1,3
旱,5,3,0,0
奔,3,4,1,2
备,4,3,1,2
边,3,3,2,2
握,7,4,2,3
区,2,1,1,1
搅,4,7,3,3
館,8,6,4,4
始,4,2,2,3
笈,4,3,2,5
涤,2,1,5,4
贩,2,4,2,4
褪,6,4,4,5
蕓,6,5,6,1
晦,7,4,3,1
蔻,7,5,2,4
执,2,3,2,2
用,3,3,1,0
厦,7,3,1,4
诂,4,4,1,1
恭,2,3,3,2
挡,4,3,2,2
舵,4,4,4,5
柑,4,3,1,1
婦,6,6,2,2
凡,2,2,1,1
鹭,10,9,4,3
旗,7,4,3,3
紫,5,5,3,4
走,3,2,1,1
石,3,3,0,1
維,6,3,3,4
猕,4,5,4,5
寳,9,4,4,6
璞,7,4,3,3
乒,2,3,0,2
修,1,2,1,6
齊,4,6,4,5
隧,4,3,6,7
户,2,2,1,1
壹,7,5,1,1
圾,4,2,1,3
醬,8,8,3,5
旷,4,3,1,1
揚,6,6,2,4
頂,6,3,2,2
丙,2,2,2,1
玲,4,2,3,2
窨,6,2,4,4
蛙,7,5,1,0
蝎,8,8,3,2
集,5,3,2,2
交,1,0,3,2
吉,4,3,0,0
纽,5,2,0,3
腿,8,5,3,4
洁,4,3,2,1
荣,3,5,1,1
该,3,3,3,4
篷,8,4,3,5
落,4,4,3,3
冠,5,5,2,1
关,2,1,2,2
职,5,4,1,2
缓,6,0,3,7
狱,2,3,4,4
滋,5,0,5,6
谭,8,8,1,1
駛,6,6,5,2
武,4,3,2,0
煲,3,5,3,4
欠,1,1,1,3
徽,5,5,4,7
臂,10,7,3,3
巳,3,2,0,0
胀,4,3,2,3
淞,2,1,5,4
铖,5,4,2,4
杂,3,3,2,2
溯,5,5,4,3
拥,4,4,2,1
锦,7,6,1,3
那,4,3,3,2
缦,8,6,1,4
柠,3,2,3,3
湖,6,5,3,2
碍,8,5,2,1
竣,4,0,5,5
樊,3,3,5,5
球,4,2,3,3
焱,0,3,6,6
秤,3,2,2,3
烧,4,6,2,4
梁,2,4,5,4
族,5,3,3,4
聂,5,2,2,3
憬,6,6,4,2
專,5,4,3,0
斌,5,3,4,1
坯,4,2,1,1
渊,1,3,4,4
朱,2,1,1,2
叠,8,4,3,3
菡,3,5,3,3
記,8,4,1,0
悲,6,3,2,1
响,5,7,1,1
藍,8,10,1,1
佬,3,4,0,3
抽,4,4,1,1
物,3,4,1,4
批,3,3,1,3
温,5,6,2,1
纹,3,0,2,4
激,6,4,5,5
糕,4,2,6,4
杏,3,3,1,1
厘,6,4,0,1
宽,4,6,1,3
变,2,2,4,3
芒,3,3,1,0
静,10,5,2,3
嘴,9,9,1,4
著,6,5,0,1
僑,6,9,2,3
期,7,4,2,2
逆,4,4,2,2
號,9,9,1,4
践,6,5,1,1
屈,4,7,0,1
越,4,4,2,3
既,6,6,1,2
获,2,4,3,3
铃,4,2,3,4
界,3,6,1,2
逹,6,3,2,2
勺,1,1,2,1
騏,8,5,5,2
钞,3,3,2,4
符,3,4,3,3
赢,10,10,4,3
刚,1,4,3,1
凔,5,5,3,3
娇,2,4,2,5
郴,3,3,4,3
業,4,3,3,3
鼎,8,8,0,1
統,5,3,3,5
丨,0,1,0,0
嗒,6,7,1,1
扳,2,2,2,4
人,0,1,1,1
賞,7,7,2,2
订,2,2,2,1
麻,3,3,3,3
逗,6,3,2,2
根,4,3,2,3
键,11,3,1,4
特,5,3,2,1
谐,6,5,1,4
卷,4,3,3,2
冷,1,1,4,3
酬,4,7,2,3
沸,3,5,3,2
疤,4,5,2,1
这,3,1,3,2
豊,7,6,1,1
竭,7,5,4,3
苍,3,5,2,1
依,1,2,2,4
恶,2,3,3,2
处,1,1,2,2
料,2,2,4,2
叮,3,3,1,0
班,6,4,0,1
皖,7,4,1,4
匣,5,4,0,0
胸,5,5,3,3
伤,2,3,1,3
粀,2,2,3,3
逻,5,5,2,3
相,5,3,1,1
砂,3,4,2,3
种,3,4,1,2
兹,5,0,3,5
曝,8,7,4,3
髙,6,6,2,0
寓,6,5,2,3
妆,1,1,2,3
限,4,3,3,3
珀,6,3,0,1
魅,7,3,2,4
逺,5,3,2,5
赛,5,5,3,5
煜,5,3,4,3
无,3,2,0,1
萨,4,4,4,3
肃,3,3,1,1
實,8,5,2,3
萬,6,7,1,1
巷,5,4,1,1
掘,5,8,1,2
殖,8,3,1,2
無,3,4,3,2
藥,9,5,3,6
遥,6,4,3,4
銹,6,4,3,6
虑,3,4,2,4
宁,2,1,2,2
凭,4,5,0,3
凱,7,7,1,2
政,4,2,1,2
牡,4,2,0,1
肘,4,3,3,1
退,5,3,2,3
飾,5,6,4,3
拼,3,3,2,3
锅,6,5,2,3
叱,3,5,0,1
湿,4,4,3,2
胜,6,3,1,2
萱,7,4,1,2
閑,7,5,2,1
辉,6,6,1,3
氢,6,2,2,2
巍,8,6,3,7
绳,8,5,0,3
景,6,5,3,1
箭,6,6,4,4
孜,3,1,2,3
纤,4,1,0,4
宵,4,3,3,4
热,2,3,5,3
萍,3,3,3,2
介,0,3,1,2
轩,5,2,0,1
植,7,4,1,1
幔,7,9,2,1
互,4,0,0,2
洛,3,2,3,3
鄞,8,6,2,1
了,1,1,1,1
骑,7,7,3,1
棒,6,3,2,2
箱,7,5,2,3
喔,8,5,1,2
時,6,4,2,0
籁,7,8,3,6
别,3,6,2,1
産,5,2,2,3
阱,3,3,2,2
至,4,1,1,1
蓮,8,6,1,1
非,6,2,0,0
穷,2,2,3,4
涯,5,3,2,2
弗,3,5,1,1
困,3,3,1,1
敬,5,5,2,3
钠,4,3,2,3
蝈,8,6,2,0
智,7,5,1,2
愉,4,6,4,3
盱,6,3,1,0
啫,7,5,0,1
逾,6,6,4,3
捆,4,4,2,2
麗,11,10,3,3
剑,2,3,4,2
听,3,4,0,2
傅,5,5,4,1
枝,3,2,2,2
睦,9,6,0,1
碰,5,4,2,3
迎,3,4,2,3
蔬,6,7,1,4
浪,3,2,4,3
韩,8,6,1,0
弃,3,2,1,2
粤,5,6,3,3
届,5,5,0,1
络,5,2,1,5
貿,5,5,3,4
个,0,2,1,1
啓,5,4,2,3
固,5,5,0,0
翔,5,3,5,3
網,6,4,5,4
绍,5,4,1,4
蒂,4,7,3,1
眉,6,5,0,1
圣,3,1,1,1
榔,5,4,5,3
刮,4,5,1,1
戶,2,3,0,2
郢,6,4,2,1
島,6,6,1,1
爷,1,2,3,2
勾,2,1,2,2
蓉,4,4,3,4
馕,12,13,1,7
鳳,8,5,4,3
園,6,6,1,3
张,4,4,2,2
爽,1,1,5,5
腹,8,4,2,4
郭,6,4,4,2
韭,7,2,0,0
玫,4,1,1,2
钱,5,2,1,3
瑯,7,4,4,2
俊,2,1,3,5
供,2,3,1,2
外,1,1,2,2
重,7,3,0,1
课,5,4,2,2
色,4,4,0,2
厕,2,6,2,2
茏,3,4,1,2
朝,8,6,1,1
谊,6,3,2,3
吧,5,6,0,0
郡,6,5,2,2
跟,7,6,1,2
匀,1,1,2,2
偏,4,7,2,2
翱,7,6,5,4
州,0,3,2,2
啤,6,6,0,2
荔,4,8,3,3
臆,8,5,5,3
以,0,2,2,2
膏,9,8,3,1
盲,6,3,1,0
泊,3,2,2,2
參,3,1,4,7
淳,5,3,4,2
蜓,8,5,2,3
碚,7,4,2,2
琴,7,3,2,2
燥,7,8,3,3
捞,4,7,2,2
玓,4,2,2,1
話,9,5,1,1
统,5,2,1,5
院,5,3,3,4
榕,4,3,4,5
鵔,7,3,7,6
微,5,6,1,5
游,5,3,5,4
夜,2,1,3,3
斜,3,3,5,2
嶩,7,10,1,4
喷,5,8,1,2